 56 , 55 , 16 
 40 ,ShoeBoxLab(1), 40 ,PuddLab(1), 40 ,ClassifyLab(1), 60 ,StringLab(1.5), 40 ,PrecBalLab(1), 40 ,DensityLab(1), 40 ,Est.DensLab(1), 40 ,SunSpotLab(1), 40 ,MortLab(1), 40 ,LocPosLab(1), 120 ,CirLab(3), 80 ,LonLatLab(2), 80 ,TempFieldLab(2), 80 ,ContorLab(2), 40 ,TypTopoLab(1), 120 ,TopoLab(3), 40 ,AstroLab(1), 40 ,SunAltLab(1), 80 ,MoonPathLab(2), 80 ,ElipseLab(2), 40 ,TimeZLab(1), 120 ,HelioGeoLab(3), 60 ,EMSpectLab(1.5), 60 ,ConductLab(1.5), 40 ,ConvecLab(1), 80 ,RadLab(2), 80 ,S.H.Lab(2), 80 ,LatentH.Lab(2), 160 ,MoonLTI(4), 40 ,AnglIncidLab(1), 40 ,AngIns1Lab(1), 40 ,AngIns2Lab(1), 80 ,DurInsLab(2), 40 ,EvapLab(1), 40 ,RelHumLab(1), 40 ,DewPtLab(1), 60 ,CloudLab(1.5), 40 ,S.ModLab(1), 120 ,WeatherL.T.I.(3), 80 ,SynWetherLab(2), 80 ,PermLab(2), 80 ,WatBudLab(2), 40 ,StFlowLab(1), 80 ,ClimateLab(2), 40 ,AbraLab(1), 40 ,WethLab(1), 60 ,DeposLab(1.5), 80 ,MinIDLab1(2), 40 ,MinIDLab2(1), 80 ,RockLab(2), 80 ,EpicenLab(2), 40 ,RockCorlLab(1), 80 ,RadDecLab(2), 40 ,LayerLab(1), 160 ,SolarTrackLTI(4), 24 
 26 
 21 
 28 
 12 
 15 
 20 
 20 
 20 
 20 
 40 
 49 
 27 
 27 
 22.5 
 32 
 13 
 20 
 12 
 23 
 43 
 45 
 47.5 
 53 
 27 
 35 
 41 
 50 
 17 
 20 
 35 
 44 
 16 
 20 
 27 
 31 
 28 
 36 
 35.5 
 38 
 27 
 30 
 30 
 44 
 26.5 
 32 
 28 
 33 
 22 
 25 
 25.5 
 31 
 31 
 33 
 26 
 35 
 26 
 30 
 14 
 20 
 23 
 30 
 15 
 18 
 27 
 30 
 17 
 27 
 28 
 28 
 20 
 20 
 33 
 43 
 15 
 18 
 58 
 68 
 34 
 40 
 21 
 27 
 40 
 52 
 19 
 27 
 25.5 
 52 
 22 
 29 
 24 
 24 
 32 
 35 
 27.5 
 32 
 19 
 20 
 45 
 51 
 29.5 
 38 
 25 
 28 
 29 
 35 
 23 
 28 
 19 
 25 
 22 
 26 
 24 
 28 
 14 
 15 
 20 
 20 
 18 
 20 
 42 
 49 
 25 
 27 
 27.5 
 32 
 20 
 20 
 13 
 23 
 37 
 45 
 43 
 53 
 19 
 35 
 18 
 50 
 16 
 20 
 32 
 44 
 19 
 20 
 31 
 31 
 16 
 36 
 32 
 38 
 27 
 30 
 40 
 44 
 28 
 32 
 25 
 33 
 20 
 25 
 20 
 31 
 33 
 33 
 25 
 35 
 28 
 30 
 20 
 20 
 18 
 30 
 14 
 18 
 26 
 30 
 25 
 27 
 27 
 28 
 18 
 20 
 39 
 43 
 18 
 18 
 61 
 68 
 32 
 40 
 16 
 27 
 40 
 52 
 20 
 27 
 46 
 52 
 28 
 29 
 24 
 24 
 35 
 35 
 27.5 
 32 
 19 
 20 
 47 
 51 
 30 
 38 
 23 
 28 
 35 
 35 
 20 
 28 
 20 
 25 
 25 
 26 
 26 
 28 
 15 
 15 
 19 
 20 
 20 
 20 
 45 
 49 
 26 
 27 
 22.5 
 32 
 19 
 20 
 15 
 23 
 37 
 45 
 43 
 53 
 28 
 35 
 46 
 50 
 14 
 20 
 33 
 44 
 20 
 20 
 23 
 31 
 22 
 36 
 37 
 38 
 26 
 30 
 42 
 44 
 23 
 32 
 22 
 33 
 17 
 25 
 25 
 31 
 27 
 33 
 30.5 
 35 
 29 
 30 
 0 
 0 
 27 
 30 
 16 
 18 
 28 
 30 
 19 
 27 
 0 
 0 
 0 
 0 
 0 
 0 
 15 
 18 
 54 
 68 
 31 
 40 
 15 
 27 
 31.5 
 52 
 14 
 27 
 39.5 
 52 
 0 
 0 
 21 
 24 
 30 
 35 
 27.5 
 32 
 19 
 20 
 32.5 
 51 
 26 
 38 
 21 
 28 
 31 
 35 
 19 
 28 
 20 
 25 
 14 
 26 
 24 
 28 
 14 
 15 
 20 
 20 
 16 
 20 
 42 
 49 
 27 
 27 
 27 
 32 
 15 
 20 
 19 
 23 
 31 
 45 
 47 
 53 
 33 
 35 
 32 
 50 
 19 
 20 
 34 
 44 
 20 
 20 
 27 
 31 
 29 
 36 
 35 
 38 
 28 
 30 
 43 
 44 
 26.5 
 32 
 27 
 33 
 23 
 25 
 27 
 31 
 33 
 33 
 30 
 35 
 30 
 30 
 20 
 20 
 27 
 30 
 16 
 18 
 26 
 30 
 21 
 27 
 26 
 28 
 20 
 20 
 33 
 43 
 18 
 18 
 61 
 68 
 34 
 40 
 26 
 27 
 48 
 52 
 24 
 27 
 38 
 52 
 28 
 29 
 24 
 24 
 33 
 35 
 23.5 
 32 
 18 
 20 
 50 
 51 
 32.5 
 38 
 20 
 28 
 32 
 35 
 4 
 28 
 18 
 25 
 25 
 26 
 23 
 28 
 14 
 15 
 20 
 20 
 19 
 20 
 47 
 49 
 23 
 27 
 23 
 32 
 15 
 20 
 14 
 23 
 42 
 45 
 48.5 
 53 
 30 
 35 
 34 
 50 
 17 
 20 
 42 
 44 
 20 
 20 
 29 
 31 
 25 
 36 
 37 
 38 
 29 
 30 
 43 
 44 
 28.5 
 32 
 25 
 33 
 24 
 25 
 28 
 31 
 26 
 33 
 31 
 35 
 26 
 30 
 20 
 20 
 30 
 30 
 18 
 18 
 29 
 30 
 23 
 27 
 27 
 28 
 20 
 20 
 41 
 43 
 18 
 18 
 63 
 68 
 33 
 40 
 26 
 27 
 48 
 52 
 27 
 27 
 50 
 52 
 0 
 0 
 22 
 24 
 32 
 35 
 25.5 
 32 
 16 
 20 
 48.5 
 51 
 36 
 38 
 26 
 28 
 32 
 35 
 26 
 28 
 20 
 25 
 25 
 26 
 24 
 28 
 13 
 15 
 16 
 20 
 18 
 20 
 45 
 49 
 26 
 27 
 25.5 
 32 
 20 
 20 
 14 
 23 
 39 
 45 
 49.5 
 53 
 35 
 35 
 34 
 50 
 17 
 20 
 40 
 44 
 18 
 20 
 27 
 31 
 25 
 36 
 34.5 
 38 
 27 
 30 
 43 
 44 
 27.5 
 32 
 28 
 33 
 22 
 25 
 24 
 31 
 27 
 33 
 26 
 35 
 22 
 30 
 20 
 20 
 23 
 30 
 17 
 18 
 19 
 30 
 19 
 27 
 0 
 0 
 0 
 20 
 30 
 43 
 17 
 18 
 63 
 68 
 35 
 40 
 23 
 27 
 48 
 52 
 23 
 27 
 43.5 
 52 
 27 
 29 
 23 
 24 
 29 
 35 
 25.5 
 32 
 16 
 20 
 47.5 
 51 
 34 
 38 
 25 
 28 
 30 
 35 
 26 
 28 
 20 
 25 
 21 
 26 
 25 
 28 
 14 
 15 
 20 
 20 
 20 
 20 
 35 
 49 
 25 
 27 
 26.5 
 32 
 17 
 20 
 13 
 23 
 40 
 45 
 46 
 53 
 29 
 35 
 45 
 50 
 13 
 20 
 0 
 44 
 19 
 20 
 26 
 31 
 24 
 36 
 34 
 38 
 29 
 30 
 43 
 44 
 29 
 32 
 29 
 33 
 20 
 25 
 25 
 31 
 31 
 33 
 25 
 35 
 10 
 30 
 20 
 20 
 23 
 30 
 12 
 18 
 26 
 30 
 22 
 27 
 27 
 28 
 20 
 20 
 42 
 43 
 18 
 18 
 60 
 68 
 38 
 40 
 24 
 27 
 44 
 52 
 24 
 27 
 42 
 52 
 27 
 29 
 22 
 24 
 35 
 35 
 26.5 
 32 
 18.5 
 20 
 47.5 
 51 
 33.5 
 38 
 27 
 28 
 33 
 35 
 26 
 28 
 23 
 25 
 25 
 26 
 22 
 28 
 14 
 15 
 20 
 20 
 19 
 20 
 30 
 49 
 27 
 27 
 22 
 32 
 20 
 20 
 19 
 23 
 40 
 45 
 44 
 53 
 30 
 35 
 37 
 50 
 14 
 20 
 42 
 44 
 20 
 20 
 26 
 31 
 29 
 36 
 36.5 
 38 
 26 
 30 
 43 
 44 
 31 
 32 
 28 
 33 
 19 
 25 
 27 
 31 
 31 
 33 
 31 
 35 
 30 
 30 
 20 
 20 
 23 
 30 
 17 
 18 
 28 
 30 
 22 
 27 
 27 
 28 
 20 
 20 
 41 
 43 
 16 
 18 
 63 
 68 
 38 
 40 
 21 
 27 
 47 
 52 
 25 
 27 
 45 
 52 
 29 
 29 
 23 
 24 
 32 
 35 
 29 
 32 
 19 
 20 
 47 
 51 
 35.5 
 38 
 26 
 28 
 33 
 35 
 26 
 28 
 25 
 25 
 24 
 26 
 23 
 28 
 12 
 15 
 18 
 20 
 20 
 20 
 41 
 49 
 27 
 27 
 15 
 32 
 15 
 20 
 9 
 23 
 37 
 45 
 22 
 53 
 28 
 35 
 42 
 50 
 16 
 20 
 41 
 44 
 15 
 20 
 24 
 31 
 20 
 36 
 29 
 38 
 22 
 30 
 28 
 44 
 31 
 32 
 28 
 33 
 19 
 25 
 27 
 31 
 26 
 33 
 31 
 35 
 22 
 30 
 20 
 20 
 24 
 30 
 14 
 18 
 20 
 30 
 19 
 27 
 27 
 28 
 0 
 0 
 34 
 43 
 18 
 18 
 57 
 68 
 27 
 40 
 19 
 27 
 42 
 52 
 20 
 27 
 31 
 52 
 24 
 29 
 21 
 24 
 30 
 35 
 25 
 32 
 16 
 20 
 43.5 
 51 
 30 
 38 
 22 
 28 
 33 
 35 
 24 
 28 
 18 
 25 
 25 
 26 
 24 
 28 
 14 
 15 
 20 
 20 
 20 
 20 
 47 
 49 
 25 
 27 
 31 
 32 
 16 
 20 
 14 
 23 
 38 
 45 
 46 
 53 
 30 
 35 
 45 
 50 
 17 
 20 
 36 
 44 
 20 
 20 
 29 
 31 
 34 
 36 
 36 
 38 
 24 
 30 
 43 
 44 
 30 
 32 
 27 
 33 
 19 
 25 
 27.5 
 31 
 25 
 33 
 33 
 35 
 30 
 30 
 20 
 20 
 27 
 30 
 14 
 18 
 28 
 30 
 22 
 27 
 28 
 28 
 18 
 20 
 41 
 43 
 18 
 18 
 64 
 68 
 38 
 40 
 26 
 27 
 46 
 52 
 24 
 27 
 51 
 52 
 29 
 29 
 24 
 24 
 35 
 35 
 29.5 
 32 
 18 
 20 
 48.5 
 51 
 38 
 38 
 27 
 28 
 35 
 35 
 26 
 28 
 21 
 25 
 21 
 26 
 19 
 28 
 14 
 15 
 18 
 20 
 19 
 20 
 41 
 49 
 27 
 27 
 22 
 32 
 18 
 20 
 11 
 23 
 38 
 45 
 45 
 53 
 28 
 35 
 35 
 50 
 12 
 20 
 37 
 44 
 20 
 20 
 30 
 31 
 23 
 36 
 36 
 38 
 28 
 30 
 38 
 44 
 29 
 32 
 26 
 33 
 23 
 25 
 30.5 
 31 
 31 
 33 
 33 
 35 
 30 
 30 
 20 
 20 
 29 
 30 
 14 
 18 
 16 
 30 
 19 
 27 
 27 
 28 
 18 
 20 
 38 
 43 
 18 
 18 
 55 
 68 
 34 
 40 
 17 
 27 
 36 
 52 
 21 
 27 
 49.5 
 52 
 27 
 29 
 24 
 24 
 32 
 35 
 25 
 32 
 18 
 20 
 48 
 51 
 28 
 38 
 22 
 28 
 32 
 35 
 21 
 28 
 20 
 25 
 21 
 26 
 21 
 28 
 12 
 15 
 20 
 20 
 20 
 20 
 36 
 49 
 24 
 27 
 24.5 
 32 
 12 
 20 
 18 
 23 
 34 
 45 
 52 
 53 
 33 
 35 
 35 
 50 
 18 
 20 
 39 
 44 
 20 
 20 
 24 
 31 
 18 
 36 
 34.5 
 38 
 29 
 30 
 38 
 44 
 28 
 32 
 26 
 33 
 20 
 25 
 22.5 
 31 
 29 
 33 
 35 
 35 
 30 
 30 
 20 
 20 
 29 
 30 
 16 
 18 
 18 
 30 
 19 
 27 
 26 
 28 
 18 
 20 
 40 
 43 
 18 
 18 
 60 
 68 
 37 
 40 
 20 
 27 
 38 
 52 
 26 
 27 
 33.5 
 52 
 26 
 29 
 24 
 24 
 35 
 35 
 29 
 32 
 16 
 20 
 48 
 51 
 27 
 38 
 25 
 28 
 33 
 35 
 24 
 28 
 20 
 25 
 21 
 26 
 24 
 28 
 14 
 15 
 13 
 20 
 17 
 20 
 36 
 49 
 27 
 27 
 28 
 32 
 17 
 20 
 21 
 23 
 44 
 45 
 50 
 53 
 35 
 35 
 36 
 50 
 15 
 20 
 40 
 44 
 20 
 20 
 25 
 31 
 23 
 36 
 38 
 38 
 27 
 30 
 40 
 44 
 27 
 32 
 27 
 33 
 21 
 25 
 25.5 
 31 
 29 
 33 
 31 
 35 
 25 
 30 
 20 
 20 
 23 
 30 
 13 
 18 
 27 
 30 
 19 
 27 
 21 
 28 
 18 
 20 
 33 
 43 
 18 
 18 
 67 
 68 
 39 
 40 
 21 
 27 
 49 
 52 
 21 
 27 
 43.5 
 52 
 0 
 29 
 24 
 24 
 35 
 35 
 26 
 32 
 19 
 20 
 46 
 51 
 26 
 38 
 24 
 28 
 34 
 35 
 20 
 28 
 21 
 25 
 21 
 26 
 24 
 28 
 14 
 15 
 18 
 20 
 18 
 20 
 45 
 49 
 25 
 27 
 29 
 32 
 9 
 20 
 14 
 23 
 38 
 45 
 52 
 53 
 34 
 35 
 48 
 50 
 14 
 20 
 41 
 44 
 20 
 20 
 28 
 31 
 29 
 36 
 36 
 38 
 29 
 30 
 43 
 44 
 31 
 32 
 28 
 33 
 20 
 25 
 28.5 
 31 
 29 
 33 
 35 
 35 
 30 
 30 
 20 
 20 
 28 
 30 
 17 
 18 
 23 
 30 
 25 
 27 
 27 
 28 
 20 
 20 
 41 
 43 
 18 
 18 
 65 
 68 
 39 
 40 
 25 
 27 
 52 
 52 
 27 
 27 
 44.5 
 52 
 28 
 29 
 24 
 24 
 35 
 35 
 30.5 
 32 
 20 
 20 
 51 
 51 
 38 
 38 
 26 
 28 
 33 
 35 
 26 
 28 
 21 
 25 
 20 
 26 
 21 
 28 
 14 
 15 
 20 
 20 
 18 
 20 
 44 
 49 
 27 
 27 
 24.5 
 32 
 15 
 20 
 15 
 23 
 28 
 45 
 34.5 
 53 
 17 
 35 
 44 
 50 
 17 
 20 
 31 
 44 
 20 
 20 
 25 
 31 
 20 
 36 
 38 
 38 
 27 
 30 
 41 
 44 
 23 
 32 
 25 
 33 
 14 
 25 
 27.6 
 31 
 25 
 33 
 28 
 35 
 25 
 30 
 20 
 20 
 24 
 30 
 16 
 18 
 23 
 30 
 14 
 27 
 27 
 28 
 20 
 20 
 40 
 43 
 18 
 18 
 67 
 68 
 33 
 40 
 26 
 27 
 36 
 52 
 23 
 27 
 38 
 52 
 26 
 29 
 24 
 24 
 35 
 35 
 27.5 
 32 
 17 
 20 
 41 
 51 
 32.5 
 38 
 21 
 28 
 29 
 35 
 13 
 28 
 21 
 25 
 22 
 26 
 27 
 28 
 14 
 15 
 20 
 20 
 20 
 20 
 44 
 49 
 27 
 27 
 26 
 32 
 17 
 20 
 18 
 23 
 41 
 45 
 53 
 53 
 35 
 35 
 48 
 50 
 16 
 20 
 42 
 44 
 19 
 20 
 29 
 31 
 33 
 36 
 34 
 38 
 24 
 30 
 40 
 44 
 31 
 32 
 27 
 33 
 21 
 25 
 27 
 31 
 33 
 33 
 33 
 35 
 30 
 30 
 20 
 20 
 27 
 30 
 18 
 18 
 28 
 30 
 25 
 27 
 28 
 28 
 20 
 20 
 38 
 43 
 18 
 18 
 58 
 68 
 38 
 40 
 25 
 27 
 47 
 52 
 26 
 27 
 49 
 52 
 26 
 29 
 21 
 24 
 35 
 35 
 28 
 32 
 19 
 20 
 48 
 51 
 34.5 
 38 
 25 
 28 
 34 
 35 
 25 
 28 
 24 
 25 
